1.200556259142131545e+07
2.830575978302008938e+06
2.053062263557793573e+07
1.606590965843371348e+06
4.786372886721944087e+05
5.704628238247699104e+06
6.889646223564828979e+05
4.824542562230236945e+05
1.908233364155099960e+06
1.133686210024329048e+05
4.192324391693814658e+06
4.966066436704947846e+05
4.190582686810405459e+06
1.848038772612874862e+06
1.463994475543782755e+05
1.168258703026608098e+06
1.590078022154390346e+06
3.150929253455285449e+06
4.079587856551263831e+05
1.231468308729442360e+05
2.118410660154904239e+06
1.182384674178027490e+05
1.183782520273691975e+06
4.788041394214299507e+06
5.789504037935200613e+05
9.576677655781023204e+06
4.096818602046047454e+05
1.099456863673651125e+06
1.744688650148296729e+06
1.470810588310839143e+06
4.952005736359991715e+05
3.469490871184023563e+06
5.676457256043018773e+06
2.496660156327826902e+07
4.651929182718403172e+05
1.463064383305733278e+07
7.776543218502254458e+05
1.288960823591158958e+06
4.543520621581752202e+05
1.017535997940320708e+07
2.685129324878519867e+06
7.236467475153620355e+06
4.601938527273608488e+05
2.037477725192676007e+05
3.453335675024764612e+06
1.084923131571060419e+07
6.564084177491589449e+06
3.445825831508898409e+05
9.953752186963307904e+05
1.477913482868606690e+06
1.528105964958525030e+06
2.279689071317428316e+05
4.057484384649719112e+06
2.185657424572752207e+05
2.127845129496177193e+06
3.524447260322888033e+05
5.847328706656283699e+06
4.575042718996578828e+06
2.960227904888241086e+06
6.967085687031007838e+05
1.098474577548039146e+07
4.080332445426400751e+06
3.986052377596992068e+06
3.188795704253443400e+05
3.458131059325452079e+05
2.808482322546171024e+06
3.830242096251171315e+05
1.382963068249197677e+07
6.571070135880198795e+05
9.053409075803485466e+05
2.675988129666343448e+05
2.525939691110119456e+05
3.449433578948380891e+05
1.607152995604461292e+06
7.998809465088382130e+05
1.960581506652826443e+06
8.546307344862645259e+05
1.070551611427843571e+07
1.948056136204247363e+06
3.754531246783464216e+06
2.220065782206612173e+06
7.460715734859123826e+06
4.392711526968020946e+06
8.100073430648439564e+06
3.010198016627972946e+06
3.101775246776189888e+05
4.325098680679714889e+05
9.321546757401588839e+05
4.434939583913730457e+05
1.482772779761428945e+06
8.790018163624481531e+05
2.237787931102526840e+06
2.913798984208390582e+06
2.158098769430716056e+05
2.969842007136309403e+05
1.970395600129721279e+05
4.728412493054594845e+06
1.979974388666934101e+06
1.152845316929399734e+06
5.435084545348938555e+05
1.659826959757079603e+06
3.156007203270199825e+05
3.472290997091134777e+05
5.756411244424369186e+06
6.790684091987466440e+06
1.080376502965618623e+06
2.615326270039645489e+06
2.730539229695783462e+06
2.601943802869669744e+05
6.459213569266714621e+05
6.699039858209595084e+06
3.389498556890471955e+05
8.309571233316987753e+06
3.907853731333428994e+06
1.556014171891296515e+06
7.607436581332397182e+05
5.325433146509602666e+05
2.419904653533910867e+06
3.747821389239258133e+06
1.439127524136667838e+06
8.534503556571008638e+06
1.468255285277998773e+06
3.825322839074417483e+06
1.700252883760211989e+05
7.238225750987719512e+05
3.115979373654886149e+06
2.617558580335496226e+05
7.606748232330936007e+06
1.574154945815755054e+06
1.604338452945426805e+06
7.581146199059974169e+05
9.451278269221652299e+06
1.160379197260401957e+07
1.817191537510181079e+05
1.530428753309992608e+05
7.232309913095141528e+05
1.108081766537249275e+07
1.406115487050622178e+05
2.084658609032732784e+05
4.757235948949956219e+05
4.300781868374963291e+06
2.674226724810921121e+06
2.653350151354327099e+05
3.634974138237530133e+05
5.174100485977048054e+06
1.337488461761490034e+05
2.413351052031574363e+05
3.474407091087664478e+06
1.905623240073070920e+05
1.563564471550377493e+05
3.702531117834807374e+05
1.343102250442599470e+05
2.401058174709651503e+05
1.259932378573586000e+06
8.208998427664894611e+06
7.418403160754297860e+05
9.062241287539526820e+06
5.473695433641363867e+06
3.092620217251600232e+06
1.036065651578125544e+07
1.974625958462691400e+06
1.461137558739523776e+07
5.369752188528209925e+06
5.574534017773933010e+05
1.031531430082227918e+06
1.835633975805048272e+07
6.598375697425969702e+04
2.303352491294806357e+06
1.118911749971379759e+06
4.045448423660602886e+06
1.157275811355793383e+06
1.377445097607936710e+06
3.982207360494020861e+06
1.278515627827865304e+06
5.428651277469512075e+06
5.490425595999040641e+06
1.506802832539453916e+07
4.159494323735672515e+05
5.511232767943118233e+05
2.270656698031136300e+06
2.109026452757647727e+06
1.902572070786966360e+05
3.337577381259869318e+06
1.027744469699313748e+06
8.822262426928758621e+06
3.704540488575600320e+05
3.313761357601823658e+07
5.372843871543363202e+05
2.769916045655713603e+07
1.133333976450533839e+06
2.084687124692105455e+06
3.286919525930253323e+06
3.829206652967573609e+05
1.150920187097057234e+06
6.972553070241380483e+05
5.107247172396472888e+05
9.407871386275330558e+06
3.055739033971796161e+05
4.350323049829750322e+06
3.139607445535440347e+05
6.134030374473981792e+05
2.071474672047608346e+07
4.362508482304740697e+06
7.369193446310315630e+04
1.566891557147721946e+07
4.429150487203069497e+05
1.968787159485051781e+07
5.697245727603694424e+06
1.225842467862656806e+06
1.558597893937710673e+07
1.821051489600696135e+06
1.797557995704430621e+06
1.044100703026660136e+06
4.722559979359877761e+05
1.787739563720840961e+05
8.154150434994626557e+05
1.519384938444037549e+07
3.139940581216515973e+06
1.958965162338646478e+05
1.226693975114117377e+06
8.752493168526019901e+06
8.847802390793420374e+06
5.683699606990761822e+05
3.348171630670690793e+05
9.110000466847950593e+06
1.806180212067718094e+05
4.498544811790784821e+06
2.720569362422994454e+05
2.253441918474493083e+06
1.806796917641821783e+06
1.116629192608537705e+05
1.322922693818743574e+05
2.600136129666480236e+06
6.821592418057737872e+06
5.022432597629747353e+06
1.636209207950548828e+07
3.604245027630596305e+05
1.368147799798025051e+06
2.579953202392088715e+05
5.624834215879085241e+05
3.173575437510169577e+05
9.583887974568279460e+05
2.181428031242705416e+06
6.549131232425734634e+05
1.331348216176947951e+07
5.726454303968877532e+06
1.160326243360436149e+07
1.426245406314930588e+05
4.015304327386340010e+05
3.277785717847088352e+06
