7.555524636200292576e-01
7.368090607617991949e-01
7.800708484934091302e-01
3.014946704385224052e-01
8.334675264751929546e-01
-7.746074189174585456e-01
6.251553275929389031e-01
7.120579770931954044e-01
5.132863082135763477e-01
-5.984323867576257783e-01
-8.096527735917593560e-01
-6.257196756623599754e-01
5.870749153866940961e-01
2.845317756434337722e-02
-7.750259239395838051e-01
7.631680428906646441e-01
7.706018186291063721e-02
-9.411718138557931823e-01
6.547586684323314365e-01
1.070427002670584216e-01
-9.223149726655694991e-01
-8.794355773570572410e-01
3.550957734854485182e-01
6.828324830133023493e-01
1.057628910321084081e+00
7.375738288721697677e-02
2.825695218300863232e-01
2.617736661911038709e-01
9.643618016752262267e-01
6.472682202207256097e-01
8.318934521940368754e-01
1.694020715217353645e-01
9.365590531323952916e-02
-6.196560007652296420e-01
-8.935277666258070184e-01
7.835441987348232828e-01
-4.236138028047946591e-01
-5.727890023031498856e-01
3.420171875535196193e-01
2.764758127368551754e-01
1.346054004390835335e-01
-3.618900155164244126e-01
-2.673199955858400756e-01
-8.454684818054252204e-01
-9.638634977850100150e-01
-1.859604745629290790e-01
-6.355807018139731923e-01
1.324858651507980767e-01
3.918897714678992727e-01
-2.940401236073739710e-01
8.234629123619647828e-01
9.129330987876742576e-01
2.407592539157320938e-02
8.794536749254395769e-01
-6.988373764874999949e-02
-7.126145986705099133e-01
-1.321251838912687049e-01
6.958135155772094960e-01
3.436637583931990148e-01
8.273746483432553589e-01
3.746750711919109161e-02
9.364315376904903676e-01
-1.611935450398775671e-02
-1.800146927615315917e-01
-9.828945808434095266e-01
8.719048410254099934e-01
-1.554431210325084578e-01
1.608935473845918285e-02
5.732479437802622257e-01
8.550428370836793412e-01
6.514416325583436418e-01
6.882916428237244588e-01
4.811087546225696343e-01
7.566529538765665031e-01
-1.498218361097485192e-02
-6.582979498191576795e-01
8.261385953084889877e-01
-4.147970412418544583e-02
-8.461433226843073641e-01
4.331983632783931171e-01
7.677191704439878528e-01
1.457886935893242253e-01
8.538602604899421245e-01
-5.854463320472098609e-01
1.025050113272936603e+00
-3.926228698662637129e-01
-5.870992149127118864e-01
3.342394379565405416e-01
9.984994931077459945e-01
-9.263963381208952796e-01
-3.890375594946959836e-01
4.749131696258785951e-01
7.971104652096725474e-01
3.104895460379114569e-01
-3.580297408816299765e-01
-8.885519064863913741e-01
9.116592970589634248e-01
-9.651662335327770847e-02
9.966178256032229843e-01
1.033526320089747319e+00
-9.938284167702116090e-01
-7.935628238618253755e-03
2.654800443776491811e-02
2.984157355597965022e-01
1.049023359195543348e+00
2.829607808365190713e-02
8.119430553598530054e-01
-7.966789908453897340e-01
5.167114710875608807e-03
1.428111093067711661e-02
-4.648693296883834591e-01
8.682616398009370684e-01
2.664004238841277683e-01
2.382006599477643274e-02
5.959477678888180918e-01
1.609762075079166910e-01
-6.636406199403239725e-01
4.260650059476735474e-01
-4.611951148612050133e-01
8.857773403607236418e-01
1.757853056688198912e-01
9.122049485233967303e-01
8.125996267147002072e-01
8.469227015675127035e-01
-9.806248198242739633e-01
1.589865726745638419e-01
-8.407645703136381599e-01
7.749544701538072511e-01
9.231434362883321754e-01
3.441617732636113036e-01
4.550014210816061277e-01
-7.651101578184302809e-01
-4.332530584616236524e-01
-7.836490626342698107e-01
-4.558814656568319634e-01
8.693793975791841433e-03
-2.852535207100856951e-01
8.413619626338206814e-01
1.179496009675605646e-02
-7.018376573744120606e-01
5.444046137870603985e-01
6.068164266338857971e-01
-5.673954895819490751e-01
5.804458214602359334e-01
-9.986056928400506294e-01
-1.018772560268391469e+00
8.501272685155667475e-01
7.810645831797087268e-01
6.712143846752418597e-01
7.295906398693423611e-01
-9.265704442046782674e-01
-8.637221804682484461e-01
-1.580169565406430721e-01
1.046965387855729457e+00
5.715160761987311266e-01
5.248532352524648559e-01
5.776056970899227094e-01
2.938170009255812731e-01
7.348272310935519691e-01
2.137461110930265543e-02
-4.836140641983881494e-01
-8.075599484189766031e-01
-9.888350866786055349e-02
-8.284428727168862139e-01
1.020725936266413614e+00
3.941647409112860601e-01
1.059309809755370591e+00
-9.201311930799107586e-01
-1.026647025524979995e+00
8.533870157464997774e-01
7.004661439179500348e-01
6.393086404397827494e-01
-8.053537947581448364e-01
-6.486316024980922634e-01
6.822582989358032535e-01
-4.125285703588765784e-02
1.759091335330813521e-01
1.863712243551773895e-02
1.256037134822127754e-01
-1.224154087877975527e-01
8.510533917536200477e-02
9.156379668578116249e-01
8.686406228480860747e-01
5.671839971904546474e-01
-9.027079196607870060e-01
1.545362512925960718e-01
1.012615684041589192e+00
-8.396536575849067319e-01
9.797758585956111155e-01
6.477935370761187528e-01
-4.507677431565504378e-01
1.390815385205783627e-01
4.614590355784546349e-01
-1.576932222030080766e-02
7.127452138027481343e-01
6.511999892711646254e-01
5.795819125891366053e-01
8.533328521024365898e-01
-9.225115504482257478e-01
-6.719498181672358683e-01
